1000 0.037444 0.001216
1001 0.036454 0.000446
1002 0.037405 0.000443
1003 0.036613 0.000451
1004 0.036498 0.000466
1005 0.036598 0.000451
1006 0.036761 0.000447
1007 0.036870 0.000456
1008 0.036886 0.000451
1009 0.036260 0.000439
1010 0.035738 0.000445
1011 0.037551 0.000470
1012 0.037034 0.000447
1013 0.037331 0.000490
1014 0.037287 0.000462
1015 0.037158 0.000449
1016 0.037453 0.000457
1017 0.037451 0.000452
1018 0.037560 0.000450
1019 0.036513 0.000444
1020 0.037782 0.000464
1021 0.037646 0.000460
1022 0.038034 0.000458
1023 0.037730 0.000458
1024 0.036631 0.000445
1025 0.038083 0.000510
1026 0.038023 0.000487
1027 0.038081 0.000458
1028 0.037732 0.000454
1029 0.038353 0.000461
1030 0.039243 0.000470
1031 0.038368 0.000506
1032 0.038627 0.000488
1033 0.038722 0.000457
1034 0.037539 0.000455
1035 0.037593 0.000482
1036 0.038784 0.000465
1037 0.037680 0.000483
1038 0.037965 0.000457
1039 0.039158 0.000476
1040 0.037925 0.000449
1041 0.039213 0.000480
1042 0.039171 0.000471
1043 0.037859 0.000452
1044 0.039351 0.000465
1045 0.038300 0.000452
1046 0.038621 0.000499
1047 0.039612 0.000468
1048 0.038517 0.000450
1049 0.039864 0.000492
1050 0.038647 0.000462
1051 0.038943 0.000462
1052 0.040098 0.000474
1053 0.040394 0.000473
1054 0.042853 0.000770
1055 0.040859 0.000486
1056 0.042201 0.000481
1057 0.041108 0.000468
1058 0.041047 0.000515
1059 0.042414 0.000484
1060 0.041013 0.000476
1061 0.040640 0.000500
1062 0.039506 0.000458
1063 0.041087 0.000474
1064 0.040483 0.000466
1065 0.040985 0.000474
1066 0.039889 0.000462
1067 0.041242 0.000479
1068 0.040253 0.000463
1069 0.041465 0.000474
1070 0.040156 0.000497
1071 0.040116 0.000469
1072 0.040500 0.000467
1073 0.040687 0.000464
1074 0.041684 0.000512
1075 0.040489 0.000471
1076 0.041846 0.000476
1077 0.040959 0.000475
1078 0.041657 0.000505
1079 0.040755 0.000477
1080 0.042058 0.000483
1081 0.040903 0.000477
1082 0.043015 0.000522
1083 0.041035 0.000473
1084 0.042825 0.001892
1085 0.041179 0.000476
1086 0.041416 0.000471
1087 0.041438 0.000484
1088 0.041593 0.000513
1089 0.042995 0.000491
1090 0.041494 0.000517
1091 0.042994 0.000479
1092 0.041958 0.000469
1093 0.043126 0.000487
1094 0.042141 0.000484
1095 0.043447 0.000498
1096 0.041979 0.000478
1097 0.043965 0.000494
1098 0.042115 0.000477
1099 0.044691 0.000500
1100 0.042451 0.000502
1101 0.043679 0.000495
1102 0.043031 0.000486
1103 0.043024 0.000491
1104 0.044093 0.000493
1105 0.042683 0.000482
1106 0.044153 0.000491
1107 0.044577 0.000531
1108 0.049281 0.000521
1109 0.047332 0.000505
1110 0.048147 0.000516
1111 0.046246 0.000506
1112 0.045398 0.000580
1113 0.046119 0.000508
1114 0.047158 0.000508
1115 0.045987 0.000511
1116 0.043467 0.000492
1117 0.044657 0.000504
1118 0.046301 0.000494
1119 0.049613 0.000553
1120 0.052047 0.000549
1121 0.047613 0.000777
1122 0.049425 0.000506
1123 0.048136 0.000627
1124 0.047920 0.000559
1125 0.044319 0.000507
1126 0.045512 0.000501
1127 0.044440 0.000490
1128 0.045662 0.000513
1129 0.045955 0.000516
1130 0.044634 0.000495
1131 0.046804 0.000520
1132 0.045128 0.000536
1133 0.046353 0.000507
1134 0.045075 0.000496
1135 0.045661 0.000504
1136 0.048230 0.000547
1137 0.048208 0.000521
1138 0.049647 0.000526
1139 0.048003 0.000515
1140 0.048076 0.000554
1141 0.049277 0.000523
1142 0.047533 0.000811
1143 0.049497 0.000549
1144 0.047814 0.000640
1145 0.048645 0.000524
1146 0.048990 0.000568
1147 0.048663 0.000518
1148 0.049488 0.000526
1149 0.048110 0.000516
1150 0.050704 0.000535
1151 0.050716 0.000587
1152 0.049671 0.000525
1153 0.050294 0.000824
1154 0.049146 0.000575
1155 0.050927 0.000578
1156 0.050211 0.000541
1157 0.049975 0.000684
1158 0.051113 0.000638
1159 0.048087 0.000540
1160 0.048799 0.000525
1161 0.048587 0.000519
1162 0.047644 0.000512
1163 0.048741 0.000520
1164 0.047589 0.000511
1165 0.048067 0.000507
1166 0.047674 0.000517
1167 0.048546 0.000536
1168 0.049328 0.000530
1169 0.048366 0.000524
1170 0.048821 0.000515
1171 0.051251 0.000522
1172 0.053004 0.000804
1173 0.053976 0.000550
1174 0.051031 0.000570
1175 0.051226 0.000529
1176 0.053264 0.000599
1177 0.050939 0.000527
1178 0.052731 0.000541
1179 0.051839 0.000570
1180 0.052409 0.000590
1181 0.052354 0.000541
1182 0.049548 0.000534
1183 0.049211 0.000528
1184 0.049374 0.000528
1185 0.049383 0.000519
1186 0.050852 0.000528
1187 0.049398 0.000517
1188 0.049099 0.000542
1189 0.051289 0.000605
1190 0.051522 0.000531
1191 0.054385 0.000600
1192 0.053002 0.000606
1193 0.052612 0.000586
1194 0.055010 0.000550
1195 0.052473 0.000538
1196 0.052405 0.000538
1197 0.053770 0.000541
1198 0.053601 0.000660
1199 0.053089 0.000546
1200 0.050645 0.000524
1201 0.050557 0.000525
1202 0.051672 0.000543
1203 0.050591 0.000550
1204 0.051985 0.000558
1205 0.052801 0.000550
1206 0.051088 0.000561
1207 0.052133 0.000562
1208 0.051161 0.000536
1209 0.051303 0.000528
1210 0.053371 0.000554
1211 0.053907 0.000553
1212 0.053847 0.000560
1213 0.057067 0.000560
1214 0.054561 0.000584
1215 0.054632 0.000584
1216 0.055530 0.000583
1217 0.054242 0.000606
1218 0.056162 0.000592
1219 0.055084 0.000559
1220 0.054646 0.000599
1221 0.056734 0.000581
1222 0.055380 0.000560
1223 0.054906 0.000580
1224 0.054212 0.000558
1225 0.054227 0.000756
1226 0.056412 0.000682
1227 0.054300 0.000577
1228 0.056969 0.000624
1229 0.058105 0.000691
1230 0.053741 0.000598
1231 0.054363 0.000563
1232 0.062657 0.000568
1233 0.058625 0.000574
1234 0.058961 0.000896
1235 0.059539 0.000722
1236 0.056925 0.000574
1237 0.055343 0.000586
1238 0.056512 0.000564
1239 0.053536 0.000554
1240 0.055492 0.000557
1241 0.058665 0.000579
1242 0.054122 0.000541
1243 0.055387 0.000554
1244 0.070867 0.001009
1245 0.063384 0.000642
1246 0.062439 0.000830
1247 0.060629 0.000688
1248 0.061255 0.000733
1249 0.057315 0.000597
1250 0.057009 0.000654
1251 0.056497 0.000622
1252 0.063363 0.000618
1253 0.064744 0.000721
1254 0.064749 0.000666
1255 0.063468 0.000578
1256 0.057796 0.000582
1257 0.057876 0.000570
1258 0.055884 0.000572
1259 0.055516 0.000568
1260 0.056948 0.000584
1261 0.055786 0.000614
1262 0.055808 0.000558
1263 0.058756 0.000580
1264 0.060922 0.000568
1265 0.063876 0.000644
1266 0.064684 0.000608
1267 0.062300 0.000600
1268 0.061342 0.000562
1269 0.062092 0.000912
1270 0.062468 0.000818
1271 0.061476 0.000574
1272 0.061808 0.000570
1273 0.061872 0.000576
1274 0.063070 0.000574
1275 0.061184 0.000756
1276 0.062832 0.000608
1277 0.062952 0.000578
1278 0.061896 0.000562
1279 0.061872 0.000570
1280 0.063310 0.000584
1281 0.061998 0.000742
1282 0.065308 0.000686
1283 0.066510 0.000660
1284 0.063852 0.000892
1285 0.065776 0.000612
1286 0.066442 0.000796
1287 0.062930 0.000782
1288 0.063146 0.000740
1289 0.065164 0.000652
1290 0.063866 0.000578
1291 0.063478 0.000568
1292 0.064594 0.000620
1293 0.063324 0.000592
1294 0.063528 0.000598
1295 0.064698 0.000584
1296 0.064020 0.000602
1297 0.064524 0.000696
1298 0.064118 0.000616
1299 0.065794 0.000838
1300 0.068152 0.000912
1301 0.066660 0.000626
1302 0.064232 0.000570
1303 0.066388 0.000620
1304 0.065876 0.000610
1305 0.066104 0.000620
1306 0.066138 0.000588
1307 0.064982 0.000882
1308 0.066318 0.000596
1309 0.070724 0.000666
1310 0.070114 0.000856
1311 0.068248 0.000612
1312 0.066510 0.000594
1313 0.065266 0.000580
1314 0.065898 0.000580
1315 0.066722 0.000600
1316 0.063362 0.000580
1317 0.062084 0.000694
1318 0.062476 0.000604
1319 0.062462 0.000592
1320 0.066200 0.000624
1321 0.067776 0.000640
1322 0.067450 0.000820
1323 0.063704 0.000634
1324 0.064206 0.000628
1325 0.064582 0.000630
1326 0.067390 0.000624
1327 0.068754 0.000712
1328 0.068328 0.000632
1329 0.065152 0.000640
1330 0.070484 0.000624
1331 0.065882 0.000622
1332 0.064856 0.000614
1333 0.066792 0.000920
1334 0.065684 0.000620
1335 0.065414 0.000688
1336 0.067214 0.000656
1337 0.066574 0.000808
1338 0.067136 0.000690
1339 0.067228 0.000626
1340 0.065386 0.000624
1341 0.065454 0.000608
1342 0.067332 0.000620
1343 0.066792 0.000624
1344 0.066260 0.000660
1345 0.065724 0.000618
1346 0.065980 0.000660
1347 0.063936 0.000634
1348 0.064898 0.000614
1349 0.078204 0.000708
1350 0.064138 0.000616
1351 0.065358 0.000612
1352 0.067064 0.000634
1353 0.065084 0.000626
1354 0.069968 0.000712
1355 0.070848 0.000714
1356 0.071638 0.000694
1357 0.068712 0.000644
1358 0.065390 0.000640
1359 0.069916 0.000634
1360 0.078736 0.000692
1361 0.074228 0.000630
1362 0.075124 0.000666
1363 0.067768 0.000656
1364 0.066484 0.000628
1365 0.074390 0.000714
1366 0.075662 0.000692
1367 0.065552 0.000624
1368 0.067100 0.000638
1369 0.069996 0.000658
1370 0.078938 0.000820
1371 0.073376 0.000648
1372 0.066848 0.000626
1373 0.067024 0.000618
1374 0.068956 0.000834
1375 0.078064 0.000700
1376 0.070534 0.000636
1377 0.066316 0.000624
1378 0.067588 0.000752
1379 0.066450 0.000632
1380 0.066180 0.000614
1381 0.067984 0.000622
1382 0.077164 0.000712
1383 0.089614 0.000744
1384 0.069442 0.000640
1385 0.067228 0.000620
1386 0.074140 0.000756
1387 0.080892 0.000816
1388 0.070962 0.000692
1389 0.068218 0.000646
1390 0.068920 0.000640
1391 0.076212 0.000826
1392 0.079058 0.000664
1393 0.071170 0.000656
1394 0.068688 0.000630
1395 0.070996 0.000622
1396 0.081514 0.000720
1397 0.073414 0.000648
1398 0.068750 0.000638
1399 0.070176 0.000636
1400 0.068874 0.000624
1401 0.070414 0.000684
1402 0.069942 0.000656
1403 0.069230 0.000636
1404 0.069170 0.000644
1405 0.071018 0.000636
1406 0.069468 0.000632
1407 0.069748 0.000656
1408 0.070862 0.000644
1409 0.069786 0.000628
1410 0.070298 0.000672
1411 0.071092 0.000648
1412 0.069470 0.000626
1413 0.069980 0.000626
1414 0.071526 0.000698
1415 0.070098 0.000638
1416 0.071126 0.000634
1417 0.071620 0.000648
1418 0.070484 0.000632
1419 0.070614 0.000654
1420 0.072080 0.000646
1421 0.071308 0.000636
1422 0.079140 0.000742
1423 0.087742 0.000670
1424 0.072268 0.000664
1425 0.071364 0.000690
1426 0.071274 0.000658
1427 0.078322 0.000692
1428 0.082160 0.000832
1429 0.074404 0.000682
1430 0.072140 0.000656
1431 0.072110 0.000644
1432 0.074574 0.000644
1433 0.096124 0.000974
1434 0.086052 0.000882
1435 0.072846 0.000672
1436 0.073364 0.000692
1437 0.071964 0.000650
1438 0.078810 0.001068
1439 0.087542 0.000758
1440 0.075044 0.000696
1441 0.073638 0.000658
1442 0.074114 0.000660
1443 0.073038 0.000652
1444 0.073340 0.000652
1445 0.074760 0.000664
1446 0.072956 0.000660
1447 0.074796 0.000656
1448 0.075200 0.000688
1449 0.073904 0.000664
1450 0.073752 0.000660
1451 0.078800 0.000700
1452 0.080120 0.000724
1453 0.081976 0.000684
1454 0.081724 0.000760
1455 0.080892 0.000976
1456 0.082620 0.000704
1457 0.081468 0.000736
1458 0.081556 0.000704
1459 0.077988 0.000684
1460 0.077120 0.000676
1461 0.074844 0.000656
1462 0.084040 0.000848
1463 0.082076 0.000688
1464 0.078288 0.000692
1465 0.082636 0.000700
1466 0.081048 0.000776
1467 0.076640 0.000664
1468 0.078220 0.000684
1469 0.075312 0.000764
1470 0.082116 0.000732
1471 0.077136 0.000700
1472 0.077108 0.000692
1473 0.081592 0.000724
1474 0.083840 0.000696
1475 0.082384 0.000712
1476 0.084616 0.000732
1477 0.082284 0.000808
1478 0.078988 0.000724
1479 0.084256 0.000704
1480 0.082012 0.000800
1481 0.083620 0.000692
1482 0.083864 0.000800
1483 0.093484 0.000696
1484 0.081144 0.000724
1485 0.084812 0.000812
1486 0.081500 0.000704
1487 0.080620 0.000692
1488 0.082280 0.000712
1489 0.081336 0.000732
1490 0.083208 0.000720
1491 0.084604 0.000752
1492 0.082896 0.000748
1493 0.083584 0.000772
1494 0.083564 0.000704
1495 0.083604 0.000704
1496 0.082392 0.000716
1497 0.084292 0.000732
1498 0.081184 0.000700
1499 0.080044 0.000712
1500 0.079856 0.001912
1501 0.078180 0.000680
1502 0.082548 0.000724
1503 0.079772 0.000692
1504 0.082380 0.000832
1505 0.084340 0.000760
1506 0.084352 0.000800
1507 0.086072 0.000788
1508 0.084128 0.000776
1509 0.083524 0.000760
1510 0.086928 0.000716
1511 0.085300 0.000720
1512 0.084524 0.000716
1513 0.085412 0.000728
1514 0.085320 0.000792
1515 0.085252 0.000804
1516 0.085608 0.000752
1517 0.084744 0.000748
1518 0.080260 0.000696
1519 0.081900 0.000708
1520 0.083324 0.000732
1521 0.085064 0.000784
1522 0.087232 0.000752
1523 0.088204 0.000724
1524 0.084784 0.000752
1525 0.087236 0.000936
1526 0.086064 0.000752
1527 0.086672 0.000792
1528 0.084608 0.000820
1529 0.084056 0.000720
1530 0.082548 0.000700
1531 0.089104 0.000728
1532 0.082952 0.000724
1533 0.086292 0.000792
1534 0.088896 0.000776
1535 0.090848 0.000748
1536 0.089272 0.000752
1537 0.087508 0.001024
1538 0.090496 0.000740
1539 0.087576 0.000792
1540 0.084180 0.000748
1541 0.094744 0.000752
1542 0.096932 0.000804
1543 0.094876 0.000792
1544 0.094224 0.000956
1545 0.090760 0.000752
1546 0.092172 0.000744
1547 0.092776 0.000856
1548 0.092748 0.000992
1549 0.093152 0.001032
1550 0.092316 0.000748
1551 0.091360 0.000720
1552 0.092360 0.000720
1553 0.098656 0.001100
1554 0.098920 0.000928
1555 0.088772 0.000716
1556 0.086624 0.000752
1557 0.085300 0.000728
1558 0.085640 0.000788
1559 0.088584 0.000760
1560 0.092892 0.000792
1561 0.099192 0.000856
1562 0.099904 0.000776
1563 0.100280 0.000848
1564 0.098240 0.000760
1565 0.095420 0.001232
1566 0.102988 0.000756
1567 0.098688 0.000848
1568 0.094800 0.000748
1569 0.095384 0.000740
1570 0.094240 0.000856
1571 0.097260 0.000788
1572 0.099072 0.000788
1573 0.098020 0.000756
1574 0.096516 0.001068
1575 0.095456 0.000732
1576 0.094476 0.000736
1577 0.104776 0.000892
1578 0.100796 0.000944
1579 0.097648 0.000768
1580 0.089892 0.000732
1581 0.089004 0.000744
1582 0.088380 0.000728
1583 0.090052 0.000732
1584 0.103420 0.001408
1585 0.097680 0.000824
1586 0.096064 0.000736
1587 0.095696 0.000732
1588 0.097732 0.000860
1589 0.098464 0.000836
1590 0.100568 0.000900
1591 0.107792 0.000776
1592 0.098680 0.000892
1593 0.088808 0.000752
1594 0.091272 0.000968
1595 0.098584 0.000788
1596 0.094776 0.000904
1597 0.093576 0.000784
1598 0.096300 0.000812
1599 0.096980 0.000844
1600 0.097956 0.001104
1601 0.100240 0.001092
1602 0.100344 0.000796
1603 0.099464 0.000784
1604 0.099304 0.000780
1605 0.096444 0.000780
1606 0.096440 0.000816
1607 0.096328 0.000816
1608 0.094696 0.000772
1609 0.098784 0.000776
1610 0.096492 0.000840
1611 0.096924 0.000808
1612 0.097352 0.000920
1613 0.096412 0.000808
1614 0.097544 0.000788
1615 0.094964 0.000760
1616 0.094272 0.000772
1617 0.092680 0.000764
1618 0.092164 0.000852
1619 0.109100 0.000840
1620 0.094872 0.000876
1621 0.100464 0.000892
1622 0.102856 0.000848
1623 0.098336 0.000920
1624 0.096260 0.000852
1625 0.103996 0.000868
1626 0.100920 0.000824
1627 0.099696 0.000844
1628 0.110848 0.000848
1629 0.104676 0.000792
1630 0.101432 0.001272
1631 0.102620 0.000776
1632 0.101708 0.000756
1633 0.101988 0.000752
1634 0.109100 0.000900
1635 0.108416 0.000880
1636 0.103396 0.000792
1637 0.103320 0.000844
1638 0.101760 0.000756
1639 0.101724 0.001156
1640 0.097880 0.000768
1641 0.095716 0.000840
1642 0.094904 0.000760
1643 0.096880 0.000804
1644 0.096828 0.000852
1645 0.096328 0.000768
1646 0.102296 0.000768
1647 0.109088 0.000828
1648 0.108860 0.001360
1649 0.105948 0.000864
1650 0.106920 0.000800
1651 0.102660 0.000768
1652 0.095976 0.000760
1653 0.097464 0.000780
1654 0.095748 0.000780
1655 0.096180 0.000768
1656 0.097564 0.000792
1657 0.096792 0.000776
1658 0.097372 0.000824
1659 0.100312 0.000792
1660 0.102204 0.000804
1661 0.102000 0.000848
1662 0.104952 0.000832
1663 0.100904 0.001048
1664 0.101552 0.000804
1665 0.103136 0.000844
1666 0.101456 0.001116
1667 0.101616 0.000832
1668 0.101444 0.000828
1669 0.101240 0.000864
1670 0.103356 0.000800
1671 0.101580 0.000768
1672 0.103516 0.000812
1673 0.104680 0.000976
1674 0.103744 0.001060
1675 0.100160 0.000792
1676 0.098784 0.000784
1677 0.098752 0.000816
1678 0.101328 0.000824
1679 0.099340 0.000832
1680 0.099420 0.000816
1681 0.100340 0.000808
1682 0.105332 0.000792
1683 0.114096 0.000912
1684 0.114840 0.000836
1685 0.113520 0.000912
1686 0.108924 0.001200
1687 0.110220 0.000820
1688 0.108744 0.000792
1689 0.111176 0.001564
1690 0.114008 0.000968
1691 0.108836 0.000836
1692 0.099880 0.000792
1693 0.107272 0.000840
1694 0.105316 0.000832
1695 0.105288 0.000856
1696 0.104504 0.000860
1697 0.103388 0.000812
1698 0.104624 0.000844
1699 0.101616 0.000832
1700 0.106020 0.000888
1701 0.101676 0.000796
1702 0.102324 0.000876
1703 0.102876 0.000816
1704 0.102684 0.000876
1705 0.102632 0.000892
1706 0.105080 0.000864
1707 0.102704 0.000836
1708 0.106160 0.000864
1709 0.103924 0.000824
1710 0.102984 0.000828
1711 0.102736 0.000828
1712 0.103464 0.000808
1713 0.105432 0.000852
1714 0.106808 0.000852
1715 0.106884 0.000844
1716 0.107688 0.000856
1717 0.105456 0.000888
1718 0.115376 0.000880
1719 0.105916 0.000892
1720 0.104800 0.000904
1721 0.106652 0.000848
1722 0.104752 0.000896
1723 0.106512 0.000860
1724 0.105600 0.000844
1725 0.105464 0.000880
1726 0.105352 0.000856
1727 0.107408 0.000856
1728 0.106800 0.000928
1729 0.106112 0.000856
1730 0.106480 0.000912
1731 0.109440 0.000864
1732 0.107104 0.000840
1733 0.105560 0.000840
1734 0.108704 0.000944
1735 0.105608 0.000848
1736 0.106648 0.000880
1737 0.107440 0.000864
1738 0.107576 0.000872
1739 0.106520 0.000840
1740 0.107456 0.000840
1741 0.106184 0.000832
1742 0.107600 0.000880
1743 0.107792 0.000880
1744 0.106400 0.000824
1745 0.106880 0.000808
1746 0.110384 0.000848
1747 0.106968 0.000832
1748 0.107352 0.000848
1749 0.108760 0.000880
1750 0.107824 0.000848
1751 0.108144 0.000816
1752 0.109928 0.000880
1753 0.117592 0.000872
1754 0.123304 0.000896
1755 0.125008 0.000904
1756 0.127984 0.000992
1757 0.122496 0.000944
1758 0.123240 0.000920
1759 0.121096 0.000952
1760 0.119200 0.000880
1761 0.118752 0.000864
1762 0.120712 0.000992
1763 0.123224 0.001128
1764 0.126384 0.000928
1765 0.128872 0.000960
1766 0.120168 0.000872
1767 0.115792 0.000832
1768 0.111336 0.000888
1769 0.109752 0.000888
1770 0.111416 0.000864
1771 0.111536 0.000872
1772 0.110200 0.000848
1773 0.111328 0.000912
1774 0.111976 0.000848
1775 0.110936 0.000840
1776 0.111024 0.000848
1777 0.112952 0.000912
1778 0.112176 0.000864
1779 0.111224 0.000864
1780 0.114752 0.000880
1781 0.113016 0.000880
1782 0.115608 0.000968
1783 0.112904 0.000968
1784 0.111936 0.000872
1785 0.112744 0.000880
1786 0.112272 0.000880
1787 0.113104 0.000888
1788 0.114856 0.000912
1789 0.112488 0.000872
1790 0.114296 0.000984
1791 0.114352 0.000896
1792 0.116504 0.001056
1793 0.115376 0.000880
1794 0.114784 0.000896
1795 0.113624 0.000848
1796 0.115480 0.000872
1797 0.113160 0.000872
1798 0.115832 0.000912
1799 0.115512 0.000888
1800 0.127056 0.000968
1801 0.143704 0.001120
1802 0.132648 0.001312
1803 0.125960 0.000904
1804 0.124952 0.000896
1805 0.125048 0.001352
1806 0.123664 0.001120
1807 0.121496 0.000864
1808 0.117520 0.000920
1809 0.121840 0.000944
1810 0.122336 0.000912
1811 0.122880 0.000944
1812 0.121488 0.000936
1813 0.121424 0.000904
1814 0.118656 0.000928
1815 0.121616 0.001232
1816 0.121416 0.000904
1817 0.129096 0.000928
1818 0.124656 0.000928
1819 0.124504 0.000984
1820 0.123136 0.000960
1821 0.122536 0.000912
1822 0.116728 0.000864
1823 0.117312 0.000992
1824 0.118416 0.000920
1825 0.117040 0.000872
1826 0.123320 0.001016
1827 0.120000 0.000960
1828 0.121688 0.001024
1829 0.117496 0.000928
1830 0.121792 0.000920
1831 0.121272 0.000912
1832 0.119376 0.000920
1833 0.119472 0.000936
1834 0.118488 0.000936
1835 0.119472 0.000976
1836 0.119488 0.000912
1837 0.117816 0.000872
1838 0.118520 0.000880
1839 0.121344 0.000928
1840 0.120192 0.000968
1841 0.120088 0.001008
1842 0.120960 0.000952
1843 0.121776 0.000944
1844 0.120184 0.000936
1845 0.120976 0.000944
1846 0.120552 0.000960
1847 0.121824 0.000904
1848 0.129976 0.001040
1849 0.126744 0.000952
1850 0.126776 0.000936
1851 0.127616 0.000976
1852 0.127400 0.000960
1853 0.129040 0.000992
1854 0.128832 0.001128
1855 0.126952 0.000944
1856 0.125968 0.000984
1857 0.123096 0.000920
1858 0.121936 0.000936
1859 0.122104 0.000912
1860 0.123160 0.000920
1861 0.123016 0.000912
1862 0.122992 0.000928
1863 0.121744 0.000864
1864 0.125576 0.000976
1865 0.122256 0.000880
1866 0.123776 0.000976
1867 0.123824 0.000904
1868 0.124560 0.000992
1869 0.123968 0.000952
1870 0.124368 0.000896
1871 0.122608 0.000904
1872 0.123344 0.000968
1873 0.123896 0.000920
1874 0.123576 0.000976
1875 0.122728 0.000888
1876 0.125112 0.000936
1877 0.123280 0.000904
1878 0.123624 0.000888
1879 0.125984 0.000952
1880 0.124024 0.000960
1881 0.125112 0.000912
1882 0.126904 0.000960
1883 0.124440 0.000928
1884 0.124736 0.000928
1885 0.127448 0.001000
1886 0.125176 0.000928
1887 0.130496 0.001056
1888 0.133112 0.000968
1889 0.138960 0.001024
1890 0.136312 0.001096
1891 0.134304 0.000992
1892 0.132600 0.001000
1893 0.132920 0.000960
1894 0.135248 0.000968
1895 0.132144 0.000968
1896 0.131520 0.000976
1897 0.134888 0.000984
1898 0.131832 0.001224
1899 0.132592 0.000976
1900 0.134464 0.001104
1901 0.127888 0.000984
1902 0.128552 0.001008
1903 0.128680 0.000968
1904 0.127856 0.000928
1905 0.127848 0.000920
1906 0.130856 0.001008
1907 0.128600 0.000960
1908 0.128296 0.000920
1909 0.129328 0.000960
1910 0.128616 0.001000
1911 0.127744 0.000904
1912 0.129176 0.000936
1913 0.128872 0.000992
1914 0.128048 0.000936
1915 0.129032 0.000952
1916 0.129544 0.001000
1917 0.129944 0.000960
1918 0.131704 0.000984
1919 0.131176 0.001016
1920 0.129648 0.000960
1921 0.130640 0.000968
1922 0.130816 0.000968
1923 0.129808 0.000912
1924 0.131904 0.000976
1925 0.133336 0.001016
1926 0.130784 0.000944
1927 0.131112 0.000968
1928 0.130896 0.000944
1929 0.131144 0.000968
1930 0.131856 0.001072
1931 0.134128 0.000960
1932 0.131472 0.000944
1933 0.132080 0.000976
1934 0.132560 0.000952
1935 0.130840 0.000920
1936 0.132376 0.001096
1937 0.137968 0.001016
1938 0.132504 0.000992
1939 0.135032 0.001032
1940 0.134616 0.000984
1941 0.132008 0.000920
1942 0.133368 0.001000
1943 0.133384 0.001008
1944 0.134640 0.001032
1945 0.136272 0.001376
1946 0.142384 0.001312
1947 0.141304 0.001040
1948 0.141184 0.001072
1949 0.142800 0.001000
1950 0.140872 0.000992
1951 0.142536 0.000992
1952 0.142344 0.001000
1953 0.136584 0.001024
1954 0.137680 0.000984
1955 0.143720 0.001112
1956 0.146424 0.001064
1957 0.139904 0.001040
1958 0.138648 0.001048
1959 0.165144 0.001064
1960 0.143528 0.000976
1961 0.139632 0.000984
1962 0.140464 0.001392
1963 0.142640 0.001296
1964 0.138936 0.001000
1965 0.141336 0.001104
1966 0.143280 0.001008
1967 0.144952 0.001024
1968 0.142632 0.001048
1969 0.141144 0.001288
1970 0.151992 0.001072
1971 0.144808 0.001368
1972 0.142656 0.001056
1973 0.139232 0.001048
1974 0.137152 0.001008
1975 0.137704 0.001000
1976 0.138816 0.001024
1977 0.137136 0.001016
1978 0.137528 0.001016
1979 0.139832 0.001048
1980 0.137656 0.000984
1981 0.137168 0.000960
1982 0.145784 0.001032
1983 0.138416 0.001208
1984 0.140000 0.001056
1985 0.141568 0.001048
1986 0.140616 0.001000
1987 0.138456 0.001040
1988 0.140792 0.001000
1989 0.139624 0.001008
1990 0.143096 0.001040
1991 0.140128 0.001040
1992 0.144696 0.001088
1993 0.143488 0.001072
1994 0.156984 0.001456
1995 0.159000 0.001432
1996 0.164512 0.001208
1997 0.160200 0.001232
1998 0.154608 0.001008
1999 0.152776 0.001144
2000 0.151672 0.001000
2001 0.152320 0.001048
2002 0.153056 0.001048
2003 0.153896 0.001008
2004 0.154944 0.001000
2005 0.156776 0.001056
2006 0.153608 0.001048
2007 0.154608 0.001024
2008 0.153776 0.001080
2009 0.155072 0.001112
2010 0.160032 0.001056
2011 0.155208 0.001064
2012 0.155520 0.001048
2013 0.167984 0.001176
2014 0.159912 0.001104
2015 0.155416 0.001032
2016 0.160752 0.001168
2017 0.164376 0.001080
2018 0.148136 0.001120
2019 0.147296 0.001008
2020 0.171680 0.001208
2021 0.168560 0.001216
2022 0.168960 0.001056
2023 0.155816 0.001056
2024 0.144520 0.001080
2025 0.145536 0.001032
2026 0.144960 0.001056
2027 0.145208 0.001008
2028 0.145848 0.001048
2029 0.148936 0.001056
2030 0.145944 0.001080
2031 0.146424 0.001040
2032 0.145744 0.001040
2033 0.144872 0.001040
2034 0.147408 0.001040
2035 0.153592 0.001128
2036 0.161304 0.001184
2037 0.165696 0.001192
2038 0.160576 0.001104
2039 0.154688 0.001072
2040 0.156752 0.001128
2041 0.160288 0.001112
2042 0.151608 0.001232
2043 0.160112 0.001264
2044 0.159112 0.001184
2045 0.155736 0.001064
2046 0.153184 0.001024
2047 0.150280 0.001072
2048 0.153656 0.001056
2049 0.157912 0.001152
2050 0.156920 0.001384
2051 0.157240 0.001064
2052 0.161640 0.001096
2053 0.155008 0.001056
2054 0.156984 0.001616
2055 0.175616 0.001176
2056 0.153704 0.001248
2057 0.170088 0.001120
2058 0.150640 0.001040
2059 0.171968 0.001240
2060 0.152784 0.001112
2061 0.163064 0.001320
2062 0.158024 0.001072
2063 0.153520 0.001192
2064 0.169584 0.001104
2065 0.151568 0.001040
2066 0.177456 0.001080
2067 0.151144 0.001032
2068 0.16356